dataset: AMES
seed: 0
atom_in_dim: 37
bond_in_dim: 13
ss_node_in_dim: 50
ss_edge_in_dim: 37
mol_in_dim: 167
learning_rate: 1e-05
epoch: 200
batch_size: 128
num_neurons: [512]
input_norm: layer
drop_rate: 0.2
hid_dim: 96
device: cuda:0
dist: 0.005
split_ratio: [0.8, 0.1, 0.1]
folds: 50
n_jobs: 10
resdual: False
shuffle: False
attention: True
step: 4
agg_op: mean
mol_FP: ss
gating_func: Sigmoid
ScaleBlock: Contextual
heads: 4
AUROC:0.9121942335710453+-0.0026019176483460167
0.9121386396748715 0.9112184648416533 0.9119239322137873 0.910904071773637 0.9096771719960125 0.913771950003834 0.9151982209953223 0.9123533471359558 0.9116555478874319 0.9144467448815274 0.9128211026761752 0.9124760371137184 0.9123840196303963 0.9098305344682156 0.9156966490299825 0.907990184801779 0.9118242466068553 0.9146921248370523 0.9087493290391839 0.905628402729852 0.9148454873092555 0.9142320374204431 0.9126677402039721 0.9118932597193468 0.9136952687677327 0.9127367533164634 0.9112414692124837 0.9117782378651943 0.9109270761444676 0.9177517061575032 0.9176213480561306 0.909845870715436 0.9156046315466606 0.9133962119469367 0.9086803159266927 0.9128977839122766 0.9132045088566828 0.9149375047925773 0.9115021854152288 0.9136032512844107 0.91608005521049 0.9145617667356798 0.9085576259489303 0.9103749712445364 0.9125143777317691 0.9093857832988268 0.912361015259566 0.9067747872095698 0.9129821332719882 0.9076757917337627 
AUPRC:0.9280459387472457+-0.003041897815203274
